Best fit orbit gives:
obs  time        x      x_resid       y   y_resid
  0    0.0000      0.000  -0.033      0.000   0.022
  1    0.0000      0.722   0.004      0.065   0.100
  2    0.0001      1.430   0.025     -0.128  -0.080
  3    0.0055    133.713   0.029     -3.392   0.005
  4    0.0137    320.661  -0.029     -8.494  -0.019
  5    0.0821   1206.857   0.005    -51.830  -0.058
  6    0.1643    651.641  -0.001   -104.641   0.030
Best fit orbit gives:
obs  time        x      x_resid       y   y_resid
  0    0.0000      0.000   0.000      0.000   0.006
  1    0.0000      0.659  -0.026     -0.056  -0.038
  2    0.0001      1.389   0.018     -0.015   0.017
  3    0.0055    133.601   0.007     -3.377  -0.001
  4    0.0137    320.536   0.003     -8.444   0.004
  5    0.0821   1206.750  -0.002    -51.678   0.024
  6    0.1643    651.629   0.000   -104.609  -0.012
Best fit orbit gives:
obs  time        x      x_resid       y   y_resid
  0    0.0000      0.000  -0.008      0.000  -0.078
  1    0.0000      0.720   0.027      0.071   0.006
  2    0.0001      1.351  -0.028      0.092   0.040
  3    0.0055    133.610   0.021     -3.254   0.037
  4    0.0137    320.504  -0.013     -8.353   0.007
  5    0.0821   1206.837   0.001    -51.625  -0.020
  6    0.1643    651.591  -0.000   -104.502   0.008
Best fit orbit gives:
obs  time        x      x_resid       y   y_resid
  0    0.0000      0.000   0.004      0.000  -0.021
  1    0.0000      0.744   0.063      0.003  -0.005
  2    0.0001      1.328  -0.039      0.007   0.012
  3    0.0055    133.504  -0.057     -3.404  -0.054
  4    0.0137    320.504   0.032     -8.353   0.070
  5    0.0821   1206.867  -0.002    -51.710   0.006
  6    0.1643    651.609   0.000   -104.704  -0.007
Best fit orbit gives:
obs  time        x      x_resid       y   y_resid
  0    0.0000      0.000  -0.006      0.000   0.004
  1    0.0000      0.748   0.056     -0.007   0.010
  2    0.0001      1.355  -0.023     -0.067  -0.038
  3    0.0055    133.503  -0.069     -3.401  -0.029
  4    0.0137    320.525   0.045     -8.412   0.030
  5    0.0821   1206.737  -0.005    -51.643   0.049
  6    0.1643    651.478   0.001   -104.634  -0.025
Best fit orbit gives:
obs  time        x      x_resid       y   y_resid
  0    0.0000      0.000   0.053      0.000   0.006
  1    0.0000      0.601  -0.031     -0.044  -0.025
  2    0.0001      1.301  -0.019     -0.064  -0.033
  3    0.0055    133.585  -0.006     -3.332   0.048
  4    0.0137    320.590   0.003     -8.447   0.011
  5    0.0821   1206.778   0.000    -51.756  -0.011
  6    0.1643    651.586  -0.000   -104.639   0.003
Best fit orbit gives:
obs  time        x      x_resid       y   y_resid
  0    0.0000      0.000  -0.057      0.000   0.058
  1    0.0000      0.777   0.035     -0.087  -0.016
  2    0.0001      1.477   0.049     -0.111  -0.027
  3    0.0055    133.578  -0.060     -3.462  -0.038
  4    0.0137    320.604   0.036     -8.485   0.003
  5    0.0821   1206.957  -0.003    -51.663   0.039
  6    0.1643    651.676   0.001   -104.592  -0.018
Best fit orbit gives:
obs  time        x      x_resid       y   y_resid
  0    0.0000      0.000   0.103      0.000   0.001
  1    0.0000      0.536  -0.047     -0.009   0.004
  2    0.0001      1.259  -0.010      0.052   0.078
  3    0.0055    133.399  -0.079     -3.409  -0.044
  4    0.0137    320.440   0.032     -8.471  -0.042
  5    0.0821   1206.789   0.000    -51.639  -0.004
  6    0.1643    651.533  -0.000   -104.490   0.007
Best fit orbit gives:
obs  time        x      x_resid       y   y_resid
  0    0.0000      0.000  -0.043      0.000  -0.074
  1    0.0000      0.729   0.001      0.045  -0.016
  2    0.0001      1.452   0.037      0.110   0.061
  3    0.0055    133.613   0.008     -3.263   0.031
  4    0.0137    320.508  -0.004     -8.363   0.000
  5    0.0821   1206.888   0.000    -51.618  -0.003
  6    0.1643    651.765  -0.000   -104.542   0.001
Best fit orbit gives:
obs  time        x      x_resid       y   y_resid
  0    0.0000      0.000   0.024      0.000  -0.048
  1    0.0000      0.665   0.003      0.077   0.042
  2    0.0001      1.324  -0.024      0.020  -0.002
  3    0.0055    133.535  -0.008     -3.342  -0.020
  4    0.0137    320.455   0.006     -8.364   0.030
  5    0.0821   1206.635  -0.001    -51.654   0.002
  6    0.1643    651.460   0.000   -104.582  -0.003
Best fit orbit gives:
obs  time        x      x_resid       y   y_resid
  0    0.0000      0.000  -0.028      0.000  -0.063
  1    0.0000      0.735   0.021      0.029  -0.021
  2    0.0001      1.389  -0.011      0.135   0.097
  3    0.0055    133.688   0.031     -3.324  -0.013
  4    0.0137    320.625  -0.014     -8.394  -0.005
  5    0.0821   1206.858   0.000    -51.684   0.005
  6    0.1643    651.684  -0.000   -104.615  -0.002
Best fit orbit gives:
obs  time        x      x_resid       y   y_resid
  0    0.0000      0.000   0.014      0.000  -0.009
  1    0.0000      0.696   0.025     -0.011  -0.006
  2    0.0001      1.303  -0.055     -0.071  -0.054
  3    0.0055    133.572   0.011     -3.296   0.065
  4    0.0137    320.487   0.007     -8.454  -0.020
  5    0.0821   1206.796  -0.003    -51.658   0.049
  6    0.1643    651.599   0.001   -104.674  -0.024
Best fit orbit gives:
obs  time        x      x_resid       y   y_resid
  0    0.0000      0.000   0.020      0.000  -0.009
  1    0.0000      0.677   0.011      0.041   0.045
  2    0.0001      1.385   0.032     -0.151  -0.135
  3    0.0055    133.513  -0.115     -3.281   0.083
  4    0.0137    320.684   0.054     -8.410   0.030
  5    0.0821   1206.824  -0.002    -51.736  -0.020
  6    0.1643    651.675   0.000   -104.589   0.005
Best fit orbit gives:
obs  time        x      x_resid       y   y_resid
  0    0.0000      0.000   0.009      0.000   0.010
  1    0.0000      0.720   0.043     -0.078  -0.056
  2    0.0001      1.289  -0.074     -0.032   0.003
  3    0.0055    133.651   0.052     -3.370   0.014
  4    0.0137    320.521  -0.032     -8.402   0.061
  5    0.0821   1206.750   0.003    -51.828  -0.053
  6    0.1643    651.611  -0.001   -104.707   0.021
Best fit orbit gives:
obs  time        x      x_resid       y   y_resid
  0    0.0000      0.000   0.001      0.000   0.031
  1    0.0000      0.664  -0.021     -0.069  -0.025
  2    0.0001      1.373   0.003     -0.119  -0.062
  3    0.0055    133.594   0.020     -3.358   0.042
  4    0.0137    320.491  -0.001     -8.467   0.001
  5    0.0821   1206.805  -0.002    -51.684   0.029
  6    0.1643    651.638   0.001   -104.635  -0.016
Best fit orbit gives:
obs  time        x      x_resid       y   y_resid
  0    0.0000      0.000  -0.070      0.000  -0.058
  1    0.0000      0.733  -0.022      0.035  -0.010
  2    0.0001      1.510   0.069      0.094   0.061
  3    0.0055    133.658   0.045     -3.389  -0.080
  4    0.0137    320.474  -0.024     -8.269   0.110
  5    0.0821   1206.907   0.001    -51.670  -0.032
  6    0.1643    651.674  -0.000   -104.586   0.010
Best fit orbit gives:
obs  time        x      x_resid       y   y_resid
  0    0.0000      0.000  -0.091      0.000   0.010
  1    0.0000      0.757  -0.019     -0.033  -0.009
  2    0.0001      1.507   0.044     -0.046  -0.010
  3    0.0055    133.808   0.111     -3.361   0.021
  4    0.0137    320.607  -0.045     -8.492  -0.033
  5    0.0821   1206.920  -0.001    -51.709   0.039
  6    0.1643    651.714   0.000   -104.699  -0.017
Best fit orbit gives:
obs  time        x      x_resid       y   y_resid
  0    0.0000      0.000   0.061      0.000  -0.048
  1    0.0000      0.567  -0.058      0.053   0.018
  2    0.0001      1.285  -0.027     -0.019  -0.041
  3    0.0055    133.610   0.047     -3.254   0.070
  4    0.0137    320.514  -0.023     -8.383   0.014
  5    0.0821   1206.749   0.001    -51.675  -0.018
  6    0.1643    651.495  -0.000   -104.533   0.006
Best fit orbit gives:
obs  time        x      x_resid       y   y_resid
  0    0.0000      0.000  -0.034      0.000   0.024
  1    0.0000      0.715  -0.004     -0.066  -0.028
  2    0.0001      1.419   0.013     -0.099  -0.049
  3    0.0055    133.645   0.024     -3.351   0.045
  4    0.0137    320.555   0.004     -8.496  -0.027
  5    0.0821   1206.802  -0.004    -51.675   0.068
  6    0.1643    651.610   0.001   -104.703  -0.033
Best fit orbit gives:
obs  time        x      x_resid       y   y_resid
  0    0.0000      0.000  -0.003      0.000   0.012
  1    0.0000      0.682  -0.007      0.028   0.053
  2    0.0001      1.362  -0.013     -0.086  -0.049
  3    0.0055    133.613   0.038     -3.413  -0.035
  4    0.0137    320.478  -0.015     -8.428   0.015
  5    0.0821   1206.847  -0.000    -51.651   0.011
  6    0.1643    651.608   0.000   -104.551  -0.006
Best fit orbit gives:
obs  time        x      x_resid       y   y_resid
  0    0.0000      0.000   0.016      0.000  -0.045
  1    0.0000      0.666  -0.004      0.074   0.041
  2    0.0001      1.329  -0.027      0.004  -0.016
  3    0.0055    133.633   0.005     -3.318   0.007
  4    0.0137    320.635   0.013     -8.423  -0.025
  5    0.0821   1206.712  -0.004    -51.572   0.069
  6    0.1643    651.644   0.001   -104.502  -0.032
Best fit orbit gives:
obs  time        x      x_resid       y   y_resid
  0    0.0000      0.000   0.049      0.000   0.050
  1    0.0000      0.607  -0.029     -0.060   0.002
  2    0.0001      1.332   0.009     -0.152  -0.077
  3    0.0055    133.497  -0.043     -3.385   0.030
  4    0.0137    320.489   0.012     -8.461   0.019
  5    0.0821   1206.822   0.002    -51.733  -0.044
  6    0.1643    651.546  -0.000   -104.526   0.019
Best fit orbit gives:
obs  time        x      x_resid       y   y_resid
  0    0.0000      0.000   0.019      0.000   0.015
  1    0.0000      0.649  -0.018     -0.027  -0.000
  2    0.0001      1.346  -0.007     -0.041  -0.001
  3    0.0055    133.593   0.039     -3.354   0.028
  4    0.0137    320.432  -0.038     -8.449   0.004
  5    0.0821   1206.789   0.006    -51.789  -0.086
  6    0.1643    651.512  -0.001   -104.578   0.041
Best fit orbit gives:
obs  time        x      x_resid       y   y_resid
  0    0.0000      0.000   0.039      0.000   0.047
  1    0.0000      0.620  -0.027     -0.096  -0.036
  2    0.0001      1.298  -0.034     -0.058   0.015
  3    0.0055    133.578   0.040     -3.462  -0.042
  4    0.0137    320.443  -0.018     -8.481   0.014
  5    0.0821   1206.788   0.000    -51.785   0.004
  6    0.1643    651.576  -0.000   -104.759  -0.002
Best fit orbit gives:
obs  time        x      x_resid       y   y_resid
  0    0.0000      0.000  -0.006      0.000  -0.072
  1    0.0000      0.680  -0.012      0.184   0.125
  2    0.0001      1.376  -0.002      0.024  -0.022
  3    0.0055    133.590   0.030     -3.348  -0.055
  4    0.0137    320.448  -0.010     -8.344   0.014
  5    0.0821   1206.867  -0.001    -51.560   0.018
  6    0.1643    651.639   0.000   -104.489  -0.008
Best fit orbit gives:
obs  time        x      x_resid       y   y_resid
  0    0.0000      0.000   0.037      0.000   0.042
  1    0.0000      0.624  -0.024     -0.109  -0.054
  2    0.0001      1.316  -0.019     -0.107  -0.039
  3    0.0055    133.503   0.004     -3.401   0.008
  4    0.0137    320.373   0.003     -8.433   0.044
  5    0.0821   1206.657  -0.002    -51.715   0.008
  6    0.1643    651.543   0.000   -104.665  -0.008
Best fit orbit gives:
obs  time        x      x_resid       y   y_resid
  0    0.0000      0.000   0.018      0.000   0.097
  1    0.0000      0.607  -0.060     -0.060   0.050
  2    0.0001      1.402   0.048     -0.200  -0.077
  3    0.0055    133.587   0.000     -3.488  -0.020
  4    0.0137    320.533  -0.009     -8.584  -0.044
  5    0.0821   1206.855   0.003    -51.823  -0.021
  6    0.1643    651.712  -0.001   -104.692   0.014
Best fit orbit gives:
obs  time        x      x_resid       y   y_resid
  0    0.0000      0.000  -0.051      0.000  -0.017
  1    0.0000      0.768   0.031      0.085   0.080
  2    0.0001      1.439   0.015     -0.004   0.004
  3    0.0055    133.719   0.037     -3.411  -0.056
  4    0.0137    320.626  -0.037     -8.397   0.034
  5    0.0821   1206.845   0.007    -51.797  -0.086
  6    0.1643    651.614  -0.001   -104.567   0.041
Best fit orbit gives:
obs  time        x      x_resid       y   y_resid
  0    0.0000      0.000   0.018      0.000  -0.051
  1    0.0000      0.621  -0.047      0.050   0.012
  2    0.0001      1.416   0.062      0.060   0.034
  3    0.0055    133.461  -0.079     -3.285   0.033
  4    0.0137    320.488   0.050     -8.458  -0.070
  5    0.0821   1206.713  -0.005    -51.575   0.074
  6    0.1643    651.525   0.001   -104.617  -0.032
Best fit orbit gives:
obs  time        x      x_resid       y   y_resid
  0    0.0000      0.000   0.026      0.000   0.106
  1    0.0000      0.701   0.041     -0.173  -0.054
  2    0.0001      1.321  -0.024     -0.123   0.009
  3    0.0055    133.478  -0.070     -3.479  -0.001
  4    0.0137    320.491   0.027     -8.617  -0.063
  5    0.0821   1206.760   0.001    -51.857  -0.004
  6    0.1643    651.597  -0.000   -104.817   0.007
Best fit orbit gives:
obs  time        x      x_resid       y   y_resid
  0    0.0000      0.000  -0.034      0.000  -0.102
  1    0.0000      0.748   0.029      0.143   0.053
  2    0.0001      1.393  -0.013      0.125   0.048
  3    0.0055    133.651   0.038     -3.221   0.048
  4    0.0137    320.516  -0.021     -8.386  -0.045
  5    0.0821   1206.782   0.002    -51.620  -0.008
  6    0.1643    651.707  -0.000   -104.530   0.006
Best fit orbit gives:
obs  time        x      x_resid       y   y_resid
  0    0.0000      0.000   0.064      0.000   0.030
  1    0.0000      0.550  -0.072     -0.048  -0.005
  2    0.0001      1.286  -0.023     -0.022   0.033
  3    0.0055    133.618   0.078     -3.426  -0.026
  4    0.0137    320.442  -0.051     -8.478  -0.006
  5    0.0821   1206.733   0.005    -51.779  -0.055
  6    0.1643    651.461  -0.001   -104.585   0.029
Best fit orbit gives:
obs  time        x      x_resid       y   y_resid
  0    0.0000      0.000  -0.063      0.000   0.032
  1    0.0000      0.724  -0.025     -0.088  -0.043
  2    0.0001      1.465   0.030     -0.079  -0.021
  3    0.0055    133.755   0.100     -3.362   0.039
  4    0.0137    320.553  -0.042     -8.489  -0.017
  5    0.0821   1206.919   0.000    -51.706   0.021
  6    0.1643    651.643   0.000   -104.648  -0.010
Best fit orbit gives:
obs  time        x      x_resid       y   y_resid
  0    0.0000      0.000  -0.047      0.000   0.062
  1    0.0000      0.729  -0.004     -0.104  -0.030
  2    0.0001      1.485   0.066     -0.134  -0.047
  3    0.0055    133.587  -0.044     -3.488  -0.056
  4    0.0137    320.593   0.033     -8.453   0.050
  5    0.0821   1206.818  -0.004    -51.720   0.045
  6    0.1643    651.611   0.001   -104.707  -0.025
Best fit orbit gives:
obs  time        x      x_resid       y   y_resid
  0    0.0000      0.000  -0.003      0.000   0.012
  1    0.0000      0.699   0.011     -0.020   0.004
  2    0.0001      1.363  -0.012     -0.090  -0.053
  3    0.0055    133.593   0.017     -3.354   0.028
  4    0.0137    320.476  -0.014     -8.425   0.032
  5    0.0821   1206.787   0.002    -51.782  -0.038
  6    0.1643    651.551  -0.000   -104.688   0.015
Best fit orbit gives:
obs  time        x      x_resid       y   y_resid
  0    0.0000      0.000  -0.049      0.000   0.002
  1    0.0000      0.721  -0.014     -0.082  -0.066
  2    0.0001      1.478   0.057      0.035   0.063
  3    0.0055    133.673   0.013     -3.431  -0.062
  4    0.0137    320.612  -0.007     -8.359   0.077
  5    0.0821   1206.797   0.000    -51.662  -0.018
  6    0.1643    651.576  -0.000   -104.460   0.005
Best fit orbit gives:
obs  time        x      x_resid       y   y_resid
  0    0.0000      0.000  -0.007      0.000  -0.067
  1    0.0000      0.722   0.030      0.065   0.010
  2    0.0001      1.372  -0.007      0.034  -0.008
  3    0.0055    133.550  -0.048     -3.235   0.067
  4    0.0137    320.575   0.036     -8.404  -0.031
  5    0.0821   1206.928  -0.005    -51.582   0.056
  6    0.1643    651.676   0.001   -104.592  -0.027
Best fit orbit gives:
obs  time        x      x_resid       y   y_resid
  0    0.0000      0.000  -0.055      0.000  -0.092
  1    0.0000      0.738  -0.002      0.169   0.090
  2    0.0001      1.464   0.037      0.074   0.008
  3    0.0055    133.685   0.026     -3.314  -0.037
  4    0.0137    320.604  -0.004     -8.336   0.013
  5    0.0821   1206.816  -0.002    -51.564   0.035
  6    0.1643    651.643   0.001   -104.498  -0.017
Best fit orbit gives:
obs  time        x      x_resid       y   y_resid
  0    0.0000      0.000   0.005      0.000  -0.097
  1    0.0000      0.688   0.007      0.162   0.077
  2    0.0001      1.407   0.039      0.086   0.014
  3    0.0055    133.504  -0.080     -3.255   0.016
  4    0.0137    320.547   0.028     -8.324   0.016
  5    0.0821   1206.837   0.002    -51.626  -0.046
  6    0.1643    651.626  -0.000   -104.450   0.021
Best fit orbit gives:
obs  time        x      x_resid       y   y_resid
  0    0.0000      0.000  -0.063      0.000   0.013
  1    0.0000      0.730  -0.018     -0.108  -0.082
  2    0.0001      1.493   0.058     -0.007   0.032
  3    0.0055    133.694   0.032     -3.340   0.043
  4    0.0137    320.603  -0.006     -8.482  -0.027
  5    0.0821   1206.909  -0.002    -51.677   0.040
  6    0.1643    651.748   0.001   -104.643  -0.019
Best fit orbit gives:
obs  time        x      x_resid       y   y_resid
  0    0.0000      0.000   0.028      0.000  -0.049
  1    0.0000      0.640  -0.017      0.145   0.109
  2    0.0001      1.338  -0.006     -0.019  -0.042
  3    0.0055    133.532  -0.013     -3.332  -0.014
  4    0.0137    320.468   0.009     -8.403  -0.015
  5    0.0821   1206.725  -0.001    -51.607   0.017
  6    0.1643    651.651   0.000   -104.521  -0.007
Best fit orbit gives:
obs  time        x      x_resid       y   y_resid
  0    0.0000      0.000   0.007      0.000  -0.046
  1    0.0000      0.685   0.007      0.019  -0.014
  2    0.0001      1.388   0.023     -0.011  -0.032
  3    0.0055    133.528  -0.090     -3.323   0.001
  4    0.0137    320.653   0.059     -8.322   0.073
  5    0.0821   1206.772  -0.006    -51.590   0.047
  6    0.1643    651.703   0.001   -104.517  -0.029
Best fit orbit gives:
obs  time        x      x_resid       y   y_resid
  0    0.0000      0.000   0.009      0.000  -0.077
  1    0.0000      0.621  -0.056      0.050  -0.014
  2    0.0001      1.410   0.047      0.077   0.025
  3    0.0055    133.573  -0.011     -3.299  -0.005
  4    0.0137    320.536   0.012     -8.294   0.073
  5    0.0821   1206.842  -0.002    -51.638   0.008
  6    0.1643    651.623   0.000   -104.593  -0.010
Best fit orbit gives:
obs  time        x      x_resid       y   y_resid
  0    0.0000      0.000   0.061      0.000   0.079
  1    0.0000      0.580  -0.046     -0.132  -0.040
  2    0.0001      1.323   0.011     -0.126  -0.021
  3    0.0055    133.521  -0.045     -3.453  -0.005
  4    0.0137    320.567   0.020     -8.531  -0.013
  5    0.0821   1206.831  -0.000    -51.756  -0.003
  6    0.1643    651.574  -0.000   -104.603   0.003
Best fit orbit gives:
obs  time        x      x_resid       y   y_resid
  0    0.0000      0.000   0.022      0.000  -0.072
  1    0.0000      0.692   0.029      0.149   0.090
  2    0.0001      1.295  -0.055      0.101   0.055
  3    0.0055    133.586   0.027     -3.335  -0.039
  4    0.0137    320.457  -0.028     -8.370  -0.005
  5    0.0821   1206.798   0.005    -51.665  -0.059
  6    0.1643    651.685  -0.001   -104.469   0.031
Best fit orbit gives:
obs  time        x      x_resid       y   y_resid
  0    0.0000      0.000  -0.014      0.000   0.051
  1    0.0000      0.732   0.032     -0.111  -0.047
  2    0.0001      1.397   0.012     -0.037   0.039
  3    0.0055    133.569  -0.039     -3.436  -0.015
  4    0.0137    320.556   0.006     -8.499  -0.006
  5    0.0821   1206.848   0.003    -51.804  -0.046
  6    0.1643    651.591  -0.001   -104.652   0.024
Best fit orbit gives:
obs  time        x      x_resid       y   y_resid
  0    0.0000      0.000  -0.089      0.000  -0.044
  1    0.0000      0.778   0.003      0.059   0.027
  2    0.0001      1.529   0.068      0.042   0.023
  3    0.0055    133.733   0.056     -3.301   0.023
  4    0.0137    320.569  -0.043     -8.385   0.008
  5    0.0821   1206.919   0.006    -51.706  -0.071
  6    0.1643    651.695  -0.001   -104.494   0.033
Best fit orbit gives:
obs  time        x      x_resid       y   y_resid
  0    0.0000      0.000   0.026      0.000  -0.002
  1    0.0000      0.714   0.055      0.087   0.098
  2    0.0001      1.270  -0.076     -0.127  -0.103
  3    0.0055    133.529  -0.008     -3.326   0.044
  4    0.0137    320.443   0.002     -8.481  -0.037
  5    0.0821   1206.718   0.000    -51.737  -0.003
  6    0.1643    651.607  -0.000   -104.697   0.003
Best fit orbit gives:
obs  time        x      x_resid       y   y_resid
  0    0.0000      0.000  -0.043      0.000  -0.041
  1    0.0000      0.779   0.050      0.055   0.027
  2    0.0001      1.377  -0.038      0.021   0.005
  3    0.0055    133.671   0.046     -3.275   0.047
  4    0.0137    320.540  -0.013     -8.454  -0.067
  5    0.0821   1206.912  -0.002    -51.537   0.049
  6    0.1643    651.629   0.000   -104.460  -0.020
Best fit orbit gives:
obs  time        x      x_resid       y   y_resid
  0    0.0000      0.000  -0.081      0.000   0.046
  1    0.0000      0.825   0.059     -0.074  -0.015
  2    0.0001      1.463   0.010     -0.072  -0.001
  3    0.0055    133.719   0.035     -3.411   0.004
  4    0.0137    320.610  -0.027     -8.501  -0.015
  5    0.0821   1206.946   0.004    -51.780  -0.038
  6    0.1643    651.740  -0.001   -104.621   0.020
Best fit orbit gives:
obs  time        x      x_resid       y   y_resid
  0    0.0000      0.000   0.023      0.000   0.031
  1    0.0000      0.636  -0.027      0.008   0.052
  2    0.0001      1.340  -0.009     -0.025   0.032
  3    0.0055    133.575   0.022     -3.455  -0.058
  4    0.0137    320.466  -0.010     -8.546  -0.083
  5    0.0821   1206.846   0.000    -51.648   0.034
  6    0.1643    651.668  -0.000   -104.570  -0.008
Best fit orbit gives:
obs  time        x      x_resid       y   y_resid
  0    0.0000      0.000   0.021      0.000  -0.029
  1    0.0000      0.684   0.019      0.022   0.006
  2    0.0001      1.332  -0.020     -0.002  -0.006
  3    0.0055    133.565  -0.017     -3.277   0.064
  4    0.0137    320.525  -0.007     -8.412   0.001
  5    0.0821   1206.771   0.004    -51.737  -0.069
  6    0.1643    651.547  -0.001   -104.529   0.032
Best fit orbit gives:
obs  time        x      x_resid       y   y_resid
  0    0.0000      0.000   0.038      0.000  -0.009
  1    0.0000      0.584  -0.063      0.004   0.008
  2    0.0001      1.326  -0.008      0.014   0.030
  3    0.0055    133.581   0.058     -3.322   0.035
  4    0.0137    320.400  -0.025     -8.511  -0.087
  5    0.0821   1206.674   0.000    -51.614   0.031
  6    0.1643    651.497   0.000   -104.536  -0.009
Best fit orbit gives:
obs  time        x      x_resid       y   y_resid
  0    0.0000      0.000  -0.017      0.000  -0.021
  1    0.0000      0.749   0.047     -0.010  -0.018
  2    0.0001      1.377  -0.011      0.021   0.025
  3    0.0055    133.541  -0.041     -3.358  -0.014
  4    0.0137    320.516   0.023     -8.386   0.024
  5    0.0821   1206.888  -0.002    -51.618   0.013
  6    0.1643    651.603   0.000   -104.535  -0.008
Best fit orbit gives:
obs  time        x      x_resid       y   y_resid
  0    0.0000      0.000   0.010      0.000   0.003
  1    0.0000      0.615  -0.060     -0.083  -0.067
  2    0.0001      1.392   0.030     -0.021   0.007
  3    0.0055    133.592   0.027     -3.351   0.022
  4    0.0137    320.472  -0.007     -8.412   0.032
  5    0.0821   1206.647  -0.001    -51.689   0.012
  6    0.1643    651.578   0.000   -104.616  -0.009
Best fit orbit gives:
obs  time        x      x_resid       y   y_resid
  0    0.0000      0.000  -0.025      0.000  -0.036
  1    0.0000      0.657  -0.054     -0.050  -0.073
  2    0.0001      1.445   0.048     -0.020  -0.031
  3    0.0055    133.616   0.028     -3.270   0.060
  4    0.0137    320.499   0.007     -8.340   0.054
  5    0.0821   1206.755  -0.006    -51.542   0.063
  6    0.1643    651.646   0.001   -104.508  -0.037
