1625346 1625358 1625369 O+0+0
1625347 1625359 1625370 O+0+1
1625241 1625251 1625261 O+0-1
1625349 1625361 1625372 O+1+0
1625350 1625362 1625373 O+1+1
1625348 1625360 1625371 O+1-1
1625353 1625364 1625375 O+2+0
1625354 1625365 1625376 O+2+1
1625352 1625363 1625374 O+2-1
1625356 1625367 1625378 O+3+0
1625357 1625368 1625379 O+3+1
1625355 1625366 1625377 O+3-1
1625239 1625249 1625259 O-1+0
1625240 1625250 1625260 O-1+1
1625238 1625248 1625258 O-1-1
1625236 1625246 1625256 O-2+0
1625237 1625247 1625257 O-2+1
1625235 1625245 1625255 O-2-1
1625233 1625243 1625253 O-3+0
1625234 1625244 1625254 O-3+1
1625232 1625242 1625252 O-3-1